p1 fitness: 9440 time: 0.004s
solution: 8 8 1 6 3 8 2 4 4 1 9 0 3 2 0 3 4 0 9 7 3 4 6 4 2 5 1 5 0 5 2 6 0 3 9 4 4 3 0 4 1 8 1 5 7 0 4 0 4 3 

p2 fitness: 8126 time: 0.003s
solution: 8 8 1 6 3 8 2 4 4 1 9 0 3 2 0 3 4 0 9 7 3 4 6 4 2 5 1 5 0 5 2 6 0 3 9 4 4 3 0 4 1 8 1 5 7 0 4 0 4 3 

p3 fitness: 10126 time: 0.003s
solution: 8 8 1 6 3 8 2 4 4 1 9 0 3 2 0 3 4 0 9 7 3 4 6 4 2 5 1 5 0 5 2 6 0 3 9 4 4 3 0 4 1 8 1 5 7 0 4 0 4 3 

p4 fitness: 12126 time: 0.003s
solution: 8 8 1 6 3 8 2 4 4 1 9 0 3 2 0 3 4 0 9 7 3 4 6 4 2 5 1 5 0 5 2 6 0 3 9 4 4 3 0 4 1 8 1 5 7 0 4 0 4 3 

p5 fitness: 9375 time: 0.004s
solution: 8 8 1 6 3 8 2 4 4 1 9 8 3 2 8 3 4 0 9 7 3 8 6 4 2 5 1 5 0 5 2 6 0 3 9 4 4 3 0 4 1 8 1 5 7 0 2 0 7 1 

p6 fitness: 8061 time: 0.004s
solution: 8 8 1 6 3 8 2 4 4 1 9 8 3 2 8 3 4 0 9 7 3 8 6 4 2 5 1 5 0 5 2 6 0 3 9 4 4 3 0 4 1 8 1 5 7 0 2 0 7 1 

p7 fitness: 10061 time: 0.003s
solution: 8 8 1 6 3 8 2 4 4 1 9 8 3 2 8 3 4 0 9 7 3 8 6 4 2 5 1 5 0 5 2 6 0 3 9 4 4 3 0 4 1 8 1 5 7 0 2 0 7 1 

p8 fitness: 12061 time: 0.003s
solution: 8 8 1 6 3 8 2 4 4 1 9 8 3 2 8 3 4 0 9 7 3 8 6 4 2 5 1 5 0 5 2 6 0 3 9 4 4 3 0 4 1 8 1 5 7 0 2 0 7 1 

p9 fitness: 9040 time: 0.004s
solution: 8 8 1 6 3 8 2 4 4 1 9 8 3 2 8 3 4 0 9 7 3 8 6 4 2 5 1 5 0 5 2 6 0 3 9 4 4 3 0 4 1 8 1 5 7 0 4 0 4 0 

p10 fitness: 7726 time: 0.003s
solution: 8 8 1 6 3 8 2 4 4 1 9 8 3 2 8 3 4 0 9 7 3 8 6 4 2 5 1 5 0 5 2 6 0 3 9 4 4 3 0 4 1 8 1 5 7 0 4 0 4 0 

p11 fitness: 9726 time: 0.003s
solution: 8 8 1 6 3 8 2 4 4 1 9 8 3 2 8 3 4 0 9 7 3 8 6 4 2 5 1 5 0 5 2 6 0 3 9 4 4 3 0 4 1 8 1 5 7 0 4 0 4 0 

p12 fitness: 11726 time: 0.003s
solution: 8 8 1 6 3 8 2 4 4 1 9 8 3 2 8 3 4 0 9 7 3 8 6 4 2 5 1 5 0 5 2 6 0 3 9 4 4 3 0 4 1 8 1 5 7 0 4 0 4 0 

p13 fitness: 12032 time: 0.006s
solution: 16 12 10 10 1 18 17 13 14 17 15 4 1 6 13 3 15 10 4 9 12 15 15 19 6 17 16 17 1 17 13 7 2 16 3 10 11 19 19 13 6 0 5 0 8 5 14 10 19 9 

p14 fitness: 9180 time: 0.007s
solution: 16 12 10 10 1 18 17 13 14 17 15 4 1 6 13 3 15 10 4 9 12 15 15 19 6 17 16 17 1 17 13 7 2 16 3 10 11 19 19 13 6 0 5 0 8 5 14 10 19 9 

p15 fitness: 13180 time: 0.007s
solution: 16 12 10 10 1 18 17 13 14 17 15 4 1 6 13 3 15 10 4 9 12 15 15 19 6 17 16 17 1 17 13 7 2 16 3 10 11 19 19 13 6 0 5 0 8 5 14 10 19 9 

p16 fitness: 17180 time: 0.006s
solution: 16 12 10 10 1 18 17 13 14 17 15 4 1 6 13 3 15 10 4 9 12 15 15 19 6 17 16 17 1 17 13 7 2 16 3 10 11 19 19 13 6 0 5 0 8 5 14 10 19 9 

p17 fitness: 12032 time: 0.007s
solution: 16 12 10 10 1 18 17 13 14 17 15 4 1 6 13 3 15 10 4 9 12 15 15 19 6 17 16 17 1 17 13 7 2 16 3 10 11 19 19 13 6 0 5 0 8 5 14 10 19 9 

p18 fitness: 9180 time: 0.006s
solution: 16 12 10 10 1 18 17 13 14 17 15 4 1 6 13 3 15 10 4 9 12 15 15 19 6 17 16 17 1 17 13 7 2 16 3 10 11 19 19 13 6 0 5 0 8 5 14 10 19 9 

p19 fitness: 13180 time: 0.008s
solution: 16 12 10 10 1 18 17 13 14 17 15 4 1 6 13 3 15 10 4 9 12 15 15 19 6 17 16 17 1 17 13 7 2 16 3 10 11 19 19 13 6 0 5 0 8 5 14 10 19 9 

p20 fitness: 17180 time: 0.006s
solution: 16 12 10 10 1 18 17 13 14 17 15 4 1 6 13 3 15 10 4 9 12 15 15 19 6 17 16 17 1 17 13 7 2 16 3 10 11 19 19 13 6 0 5 0 8 5 14 10 19 9 

p21 fitness: 12032 time: 0.007s
solution: 16 12 10 10 1 18 17 13 14 17 15 4 1 6 13 3 15 10 4 9 12 15 15 19 6 17 16 17 1 17 13 7 2 16 3 10 11 19 19 13 6 0 5 0 8 5 14 10 19 9 

p22 fitness: 9180 time: 0.007s
solution: 16 12 10 10 1 18 17 13 14 17 15 4 1 6 13 3 15 10 4 9 12 15 15 19 6 17 16 17 1 17 13 7 2 16 3 10 11 19 19 13 6 0 5 0 8 5 14 10 19 9 

p23 fitness: 13180 time: 0.006s
solution: 16 12 10 10 1 18 17 13 14 17 15 4 1 6 13 3 15 10 4 9 12 15 15 19 6 17 16 17 1 17 13 7 2 16 3 10 11 19 19 13 6 0 5 0 8 5 14 10 19 9 

p24 fitness: 17180 time: 0.007s
solution: 16 12 10 10 1 18 17 13 14 17 15 4 1 6 13 3 15 10 4 9 12 15 15 19 6 17 16 17 1 17 13 7 2 16 3 10 11 19 19 13 6 0 5 0 8 5 14 10 19 9 

p25 fitness: 19197 time: 0.027s
solution: 20 11 13 2 20 5 2 9 14 17 22 16 8 20 3 14 14 17 5 11 2 0 5 3 5 8 19 24 5 24 5 25 6 25 20 20 24 15 0 14 0 14 15 8 24 14 0 13 27 8 29 14 14 5 13 20 17 11 0 14 0 5 20 11 11 11 9 0 5 9 20 6 11 17 24 8 26 20 14 24 20 7 13 17 17 17 17 4 20 5 2 24 17 11 17 5 2 2 21 16 8 17 14 25 2 29 7 11 14 28 14 1 2 11 11 21 24 24 24 24 5 8 25 13 16 0 5 9 0 12 0 11 24 5 8 14 7 5 20 0 0 8 20 14 8 25 25 5 2 5 

p26 fitness: 16131 time: 0.027s
solution: 20 11 13 2 20 5 2 9 14 17 22 16 8 20 3 14 14 17 5 11 2 0 5 3 5 8 19 24 5 24 5 25 6 25 20 20 24 15 0 14 0 14 15 8 24 14 0 13 27 8 29 14 14 5 13 20 17 11 0 14 0 5 20 11 11 11 9 0 5 9 20 6 11 17 24 8 26 20 14 24 20 7 13 17 17 17 17 4 20 5 2 24 17 11 17 5 2 2 21 16 8 17 14 25 2 29 7 11 14 28 14 1 2 11 11 21 24 24 24 24 5 8 25 13 16 0 5 9 0 12 0 11 24 5 8 14 7 5 20 0 0 8 20 14 8 25 25 5 2 5 

p27 fitness: 21531 time: 0.026s
solution: 20 11 13 2 20 5 2 9 14 17 22 16 8 20 3 14 14 17 5 11 2 0 5 3 5 8 19 24 5 24 5 25 6 25 20 20 24 15 0 14 0 14 15 8 24 14 0 13 27 8 29 14 14 5 13 20 17 11 0 14 0 5 20 11 11 11 9 0 5 9 20 6 11 17 24 8 26 20 14 24 20 7 13 17 17 17 17 4 20 5 2 24 17 11 17 5 2 2 21 16 8 17 14 25 2 29 7 11 14 28 14 1 2 11 11 21 24 24 24 24 5 8 25 13 16 0 5 9 0 12 0 11 24 5 8 14 7 5 20 0 0 8 20 14 8 25 25 5 2 5 

p28 fitness: 26931 time: 0.027s
solution: 20 11 13 2 20 5 2 9 14 17 22 16 8 20 3 14 14 17 5 11 2 0 5 3 5 8 19 24 5 24 5 25 6 25 20 20 24 15 0 14 0 14 15 8 24 14 0 13 27 8 29 14 14 5 13 20 17 11 0 14 0 5 20 11 11 11 9 0 5 9 20 6 11 17 24 8 26 20 14 24 20 7 13 17 17 17 17 4 20 5 2 24 17 11 17 5 2 2 21 16 8 17 14 25 2 29 7 11 14 28 14 1 2 11 11 21 24 24 24 24 5 8 25 13 16 0 5 9 0 12 0 11 24 5 8 14 7 5 20 0 0 8 20 14 8 25 25 5 2 5 

p29 fitness: 19305 time: 0.027s
solution: 20 11 13 2 20 5 2 9 14 17 22 16 8 20 3 14 14 17 5 11 2 0 5 3 5 8 19 24 5 24 5 25 6 25 20 20 24 15 0 14 0 14 15 8 24 14 0 13 27 8 29 14 14 5 13 20 17 11 0 14 0 5 20 11 11 11 9 0 5 9 20 6 11 17 24 8 26 20 14 24 20 7 13 17 17 17 17 4 20 5 2 24 17 11 17 5 2 2 21 16 8 17 17 25 2 29 17 11 14 28 14 1 2 11 11 21 24 24 24 24 5 8 25 13 16 0 5 9 0 12 0 11 24 5 8 14 7 5 20 17 0 8 20 14 8 25 25 11 2 24 

p30 fitness: 16239 time: 0.026s
solution: 20 11 13 2 20 5 2 9 14 17 22 16 8 20 3 14 14 17 5 11 2 0 5 3 5 8 19 24 5 24 5 25 6 25 20 20 24 15 0 14 0 14 15 8 24 14 0 13 27 8 29 14 14 5 13 20 17 11 0 14 0 5 20 11 11 11 9 0 5 9 20 6 11 17 24 8 26 20 14 24 20 7 13 17 17 17 17 4 20 5 2 24 17 11 17 5 2 2 21 16 8 17 17 25 2 29 17 11 14 28 14 1 2 11 11 21 24 24 24 24 5 8 25 13 16 0 5 9 0 12 0 11 24 5 8 14 7 5 20 17 0 8 20 14 8 25 25 11 2 24 

p31 fitness: 21639 time: 0.025s
solution: 20 11 13 2 20 5 2 9 14 17 22 16 8 20 3 14 14 17 5 11 2 0 5 3 5 8 19 24 5 24 5 25 6 25 20 20 24 15 0 14 0 14 15 8 24 14 0 13 27 8 29 14 14 5 13 20 17 11 0 14 0 5 20 11 11 11 9 0 5 9 20 6 11 17 24 8 26 20 14 24 20 7 13 17 17 17 17 4 20 5 2 24 17 11 17 5 2 2 21 16 8 17 17 25 2 29 17 11 14 28 14 1 2 11 11 21 24 24 24 24 5 8 25 13 16 0 5 9 0 12 0 11 24 5 8 14 7 5 20 17 0 8 20 14 8 25 25 11 2 24 

p32 fitness: 27039 time: 0.027s
solution: 20 11 13 2 20 5 2 9 14 17 22 16 8 20 3 14 14 17 5 11 2 0 5 3 5 8 19 24 5 24 5 25 6 25 20 20 24 15 0 14 0 14 15 8 24 14 0 13 27 8 29 14 14 5 13 20 17 11 0 14 0 5 20 11 11 11 9 0 5 9 20 6 11 17 24 8 26 20 14 24 20 7 13 17 17 17 17 4 20 5 2 24 17 11 17 5 2 2 21 16 8 17 17 25 2 29 17 11 14 28 14 1 2 11 11 21 24 24 24 24 5 8 25 13 16 0 5 9 0 12 0 11 24 5 8 14 7 5 20 17 0 8 20 14 8 25 25 11 2 24 

p33 fitness: 19055 time: 0.028s
solution: 20 11 13 2 20 5 2 9 14 17 22 16 8 20 3 14 14 17 5 11 2 0 5 3 5 8 19 24 5 24 5 25 6 25 20 20 24 15 0 14 0 14 15 8 24 14 0 13 27 8 29 14 14 5 13 20 17 11 0 14 0 5 20 11 11 11 9 0 5 9 20 6 11 17 24 8 26 20 14 24 20 7 13 17 17 17 17 4 20 5 2 24 17 11 17 5 2 2 21 16 8 17 17 25 2 29 17 11 14 28 14 1 2 11 11 21 24 24 24 24 5 8 25 13 16 0 5 9 0 12 0 11 24 5 8 14 7 5 20 17 0 8 20 14 8 25 25 5 2 5 

p34 fitness: 15989 time: 0.028s
solution: 20 11 13 2 20 5 2 9 14 17 22 16 8 20 3 14 14 17 5 11 2 0 5 3 5 8 19 24 5 24 5 25 6 25 20 20 24 15 0 14 0 14 15 8 24 14 0 13 27 8 29 14 14 5 13 20 17 11 0 14 0 5 20 11 11 11 9 0 5 9 20 6 11 17 24 8 26 20 14 24 20 7 13 17 17 17 17 4 20 5 2 24 17 11 17 5 2 2 21 16 8 17 17 25 2 29 17 11 14 28 14 1 2 11 11 21 24 24 24 24 5 8 25 13 16 0 5 9 0 12 0 11 24 5 8 14 7 5 20 17 0 8 20 14 8 25 25 5 2 5 

p35 fitness: 21389 time: 0.028s
solution: 20 11 13 2 20 5 2 9 14 17 22 16 8 20 3 14 14 17 5 11 2 0 5 3 5 8 19 24 5 24 5 25 6 25 20 20 24 15 0 14 0 14 15 8 24 14 0 13 27 8 29 14 14 5 13 20 17 11 0 14 0 5 20 11 11 11 9 0 5 9 20 6 11 17 24 8 26 20 14 24 20 7 13 17 17 17 17 4 20 5 2 24 17 11 17 5 2 2 21 16 8 17 17 25 2 29 17 11 14 28 14 1 2 11 11 21 24 24 24 24 5 8 25 13 16 0 5 9 0 12 0 11 24 5 8 14 7 5 20 17 0 8 20 14 8 25 25 5 2 5 

p36 fitness: 26789 time: 0.029s
solution: 20 11 13 2 20 5 2 9 14 17 22 16 8 20 3 14 14 17 5 11 2 0 5 3 5 8 19 24 5 24 5 25 6 25 20 20 24 15 0 14 0 14 15 8 24 14 0 13 27 8 29 14 14 5 13 20 17 11 0 14 0 5 20 11 11 11 9 0 5 9 20 6 11 17 24 8 26 20 14 24 20 7 13 17 17 17 17 4 20 5 2 24 17 11 17 5 2 2 21 16 8 17 17 25 2 29 17 11 14 28 14 1 2 11 11 21 24 24 24 24 5 8 25 13 16 0 5 9 0 12 0 11 24 5 8 14 7 5 20 17 0 8 20 14 8 25 25 5 2 5 

p37 fitness: 19055 time: 0.029s
solution: 20 11 13 2 20 5 2 9 14 17 22 16 8 20 3 14 14 17 5 11 2 0 5 3 5 8 19 24 5 24 5 25 6 25 20 20 24 15 0 14 0 14 15 8 24 14 0 13 27 8 29 14 14 5 13 20 17 11 0 14 0 5 20 11 11 11 9 0 5 9 20 6 11 17 24 8 26 20 14 24 20 7 13 17 17 17 17 4 20 5 2 24 17 11 17 5 2 2 21 16 8 17 17 25 2 29 17 11 14 28 14 1 2 11 11 21 24 24 24 24 5 8 25 13 16 0 5 9 0 12 0 11 24 5 8 14 7 5 20 17 0 8 20 14 8 25 25 5 2 5 

p38 fitness: 15989 time: 0.026s
solution: 20 11 13 2 20 5 2 9 14 17 22 16 8 20 3 14 14 17 5 11 2 0 5 3 5 8 19 24 5 24 5 25 6 25 20 20 24 15 0 14 0 14 15 8 24 14 0 13 27 8 29 14 14 5 13 20 17 11 0 14 0 5 20 11 11 11 9 0 5 9 20 6 11 17 24 8 26 20 14 24 20 7 13 17 17 17 17 4 20 5 2 24 17 11 17 5 2 2 21 16 8 17 17 25 2 29 17 11 14 28 14 1 2 11 11 21 24 24 24 24 5 8 25 13 16 0 5 9 0 12 0 11 24 5 8 14 7 5 20 17 0 8 20 14 8 25 25 5 2 5 

p39 fitness: 21389 time: 0.029s
solution: 20 11 13 2 20 5 2 9 14 17 22 16 8 20 3 14 14 17 5 11 2 0 5 3 5 8 19 24 5 24 5 25 6 25 20 20 24 15 0 14 0 14 15 8 24 14 0 13 27 8 29 14 14 5 13 20 17 11 0 14 0 5 20 11 11 11 9 0 5 9 20 6 11 17 24 8 26 20 14 24 20 7 13 17 17 17 17 4 20 5 2 24 17 11 17 5 2 2 21 16 8 17 17 25 2 29 17 11 14 28 14 1 2 11 11 21 24 24 24 24 5 8 25 13 16 0 5 9 0 12 0 11 24 5 8 14 7 5 20 17 0 8 20 14 8 25 25 5 2 5 

p40 fitness: 26789 time: 0.027s
solution: 20 11 13 2 20 5 2 9 14 17 22 16 8 20 3 14 14 17 5 11 2 0 5 3 5 8 19 24 5 24 5 25 6 25 20 20 24 15 0 14 0 14 15 8 24 14 0 13 27 8 29 14 14 5 13 20 17 11 0 14 0 5 20 11 11 11 9 0 5 9 20 6 11 17 24 8 26 20 14 24 20 7 13 17 17 17 17 4 20 5 2 24 17 11 17 5 2 2 21 16 8 17 17 25 2 29 17 11 14 28 14 1 2 11 11 21 24 24 24 24 5 8 25 13 16 0 5 9 0 12 0 11 24 5 8 14 7 5 20 17 0 8 20 14 8 25 25 5 2 5 

p41 fitness: 7226 time: 0.008s
solution: 5 6 4 1 7 9 3 7 8 8 4 9 2 6 2 7 7 3 0 6 6 1 4 1 6 5 5 4 8 5 8 0 0 0 3 9 2 6 6 9 2 7 3 3 3 5 0 5 6 4 1 1 6 6 9 7 2 8 8 8 0 0 1 5 0 6 6 6 4 4 0 4 4 0 7 7 9 2 6 5 7 2 2 7 7 9 2 2 7 2 

p42 fitness: 9957 time: 0.009s
solution: 12 10 11 9 15 18 16 3 17 1 11 18 6 10 6 15 0 2 14 14 5 11 9 8 12 8 11 16 17 13 7 19 6 8 14 10 10 0 0 1 1 3 3 16 9 5 8 19 15 15 16 17 7 13 13 5 2 14 14 14 11 11 4 3 11 3 0 15 19 6 10 18 19 19 19 18 18 18 19 19 

p43 fitness: 12448 time: 0.012s
solution: 18 19 15 24 25 22 26 21 27 29 24 23 3 9 18 11 8 15 12 7 25 26 22 20 17 13 29 6 29 4 5 2 2 13 0 22 7 12 21 11 4 12 28 23 5 25 26 17 17 11 21 0 9 18 6 6 19 20 2 29 5 27 1 29 27 28 1 27 28 29 

p44 fitness: 7585 time: 0.006s
solution: 4 4 4 4 4 4 4 4 0 0 0 0 0 0 0 0 1 1 1 1 1 7 6 2 2 2 2 2 2 2 2 3 3 3 3 3 3 3 3 3 4 6 8 8 8 8 7 5 9 9 7 6 5 5 8 8 7 7 9 5 5 5 9 3 0 6 6 8 1 5 4 9 9 7 7 9 6 6 5 2 7 9 7 9 9 7 6 5 7 5 

p45 fitness: 9848 time: 0.009s
solution: 0 0 0 0 0 0 0 1 1 1 1 6 6 6 6 2 2 3 2 3 2 4 4 4 4 4 4 4 4 5 5 5 5 5 5 5 5 5 0 0 2 3 11 12 18 16 19 7 15 16 8 13 11 16 18 19 14 15 10 9 12 9 15 17 13 13 8 12 7 10 18 12 13 17 14 17 8 16 10 7 

p46 fitness: 12639 time: 0.012s
solution: 10 0 10 10 10 0 10 1 1 1 1 11 11 11 11 2 2 3 2 3 2 4 4 5 6 6 5 7 7 8 7 8 9 9 10 2 3 17 24 28 29 12 21 22 24 14 18 17 16 28 29 27 13 22 25 26 13 18 18 24 19 15 28 18 26 27 14 13 15 12 

p47 fitness: 6634 time: 0.005s
solution: 0 0 0 0 0 0 0 0 0 0 1 1 1 1 2 2 1 2 2 2 2 2 2 2 2 2 2 3 3 3 3 3 3 3 3 4 4 4 4 4 4 4 4 4 4 4 4 5 5 5 5 5 5 5 6 6 6 6 6 6 6 6 7 7 6 7 6 0 7 7 7 7 7 8 8 8 8 8 9 8 0 9 9 9 9 2 2 2 9 2 

p48 fitness: 9044 time: 0.01s
solution: 0 0 0 0 1 0 1 1 1 2 3 2 2 3 3 4 4 4 5 5 5 5 5 5 6 6 6 6 6 7 7 8 8 8 8 8 8 8 9 9 9 9 10 10 11 10 11 10 12 13 12 13 13 12 13 14 15 12 14 12 0 15 14 14 15 16 16 17 17 17 17 17 17 18 18 19 18 19 19 19 

p49 fitness: 12420 time: 0.013s
solution: 0 1 1 2 1 2 2 2 3 5 3 5 4 6 6 6 7 7 7 7 7 7 9 10 8 11 10 12 12 14 13 13 13 14 15 15 16 16 17 16 17 16 20 19 18 19 18 20 21 18 21 18 0 22 23 23 22 24 24 26 25 26 25 26 27 27 28 27 28 28 

p50 fitness: 10062 time: 0.007s
solution: 3 6 3 0 9 9 5 5 3 7 7 4 1 9 9 9 9 2 5 3 0 0 0 4 0 0 7 4 4 7 7 7 3 3 3 5 9 9 0 6 0 9 9 1 5 5 5 5 5 3 3 5 6 0 0 0 9 6 1 2 1 7 7 7 3 3 0 4 8 7 3 6 6 6 6 4 4 3 3 4 3 5 2 2 2 1 6 7 2 7 1 2 2 2 2 2 2 2 2 2 

p51 fitness: 11351 time: 0.012s
solution: 15 6 19 10 12 13 5 16 15 1 5 3 6 13 6 13 12 16 2 15 0 0 10 14 14 14 1 3 19 7 1 1 17 19 15 5 13 13 10 0 0 13 13 13 16 5 5 5 5 17 15 2 0 14 14 10 6 6 13 12 13 5 1 5 15 15 10 3 7 7 15 0 0 0 10 19 19 19 19 3 19 5 16 12 13 13 6 8 12 1 13 13 13 4 18 13 18 18 18 18 

p52 fitness: 10364 time: 0.006s
solution: 7 7 7 7 7 7 7 7 3 4 4 4 3 4 4 4 4 8 8 8 8 3 8 3 3 9 9 9 9 9 9 9 9 5 6 6 6 6 6 6 6 6 6 6 7 7 4 5 5 5 5 3 4 6 2 5 3 3 3 4 6 5 5 5 0 5 5 6 4 7 6 6 4 3 3 5 3 4 7 1 6 3 3 5 5 3 3 7 5 3 1 1 1 1 5 1 3 4 3 7 

p53 fitness: 12470 time: 0.013s
solution: 5 5 5 5 5 5 5 5 19 19 19 7 7 7 7 7 7 12 12 12 12 13 13 12 3 9 9 9 9 9 9 9 9 15 18 18 18 18 18 18 18 18 18 18 5 5 7 12 13 15 15 4 7 18 5 11 3 3 1 6 18 2 15 13 0 13 2 5 6 5 17 18 6 3 3 15 3 6 6 2 14 19 13 15 15 3 1 6 15 1 2 2 17 17 2 17 1 6 1 16 

p54 fitness: 10351 time: 0.007s
solution: 9 9 7 7 7 7 7 2 2 2 2 2 2 2 2 2 2 2 2 1 1 1 1 3 1 1 3 3 3 3 3 3 3 3 3 3 3 3 3 6 6 8 8 6 8 8 8 8 8 8 3 3 6 6 6 6 6 6 6 6 6 5 5 6 5 5 5 6 6 0 0 0 0 0 9 0 0 0 0 0 4 4 4 4 4 4 4 4 4 4 4 9 9 4 4 4 2 4 2 2 

p55 fitness: 11970 time: 0.012s
solution: 17 17 16 17 16 4 4 4 8 8 8 8 2 8 8 2 2 2 8 12 1 12 12 6 12 12 12 6 6 6 6 14 14 6 6 6 6 6 6 7 7 19 19 7 0 0 0 0 0 0 0 0 7 7 7 7 7 7 7 7 11 11 9 11 3 11 11 7 11 9 9 11 9 11 17 13 9 13 13 13 13 15 15 15 15 15 15 15 5 15 5 18 18 18 18 17 18 18 18 18 

p56 fitness: 23882 time: 0.036s
solution: 18 19 21 27 2 12 15 27 22 28 4 28 13 1 28 18 1 20 22 0 18 16 5 24 10 18 27 19 29 2 19 19 4 16 27 6 20 8 24 16 18 9 6 4 8 19 13 21 19 14 24 16 24 16 8 6 11 9 18 7 29 0 7 8 13 11 5 14 28 25 18 12 19 9 23 23 20 23 8 16 10 0 9 25 29 13 6 5 27 7 28 6 25 25 2 3 11 6 0 28 28 15 25 18 4 0 4 24 22 3 19 4 27 12 12 8 28 7 17 8 26 11 17 19 26 16 2 11 26 17 28 24 25 20 23 9 3 3 28 10 12 22 11 11 25 5 24 15 27 25 24 17 23 0 8 11 2 15 3 13 13 27 10 24 5 27 5 4 3 21 1 20 19 14 26 2 0 10 29 10 5 21 2 19 12 8 28 23 0 21 2 21 6 4 7 12 7 15 10 19 

p57 fitness: 32882 time: 0.037s
solution: 18 19 21 27 2 12 15 27 22 28 4 28 13 1 28 18 1 20 22 0 18 16 5 24 10 18 27 19 29 2 19 19 4 16 27 6 20 8 24 16 18 9 6 4 8 19 13 21 19 14 24 16 24 16 8 6 11 9 18 7 29 0 7 8 13 11 5 14 28 25 18 12 19 9 23 23 20 23 8 16 10 0 9 25 29 13 6 5 27 7 28 6 25 25 2 3 11 6 0 28 28 15 25 18 4 0 4 24 22 3 19 4 27 12 12 8 28 7 17 8 26 11 17 19 26 16 2 11 26 17 28 24 25 20 23 9 3 3 28 10 12 22 11 11 25 5 24 15 27 25 24 17 23 0 8 11 2 15 3 13 13 27 10 24 5 27 5 4 3 21 1 20 19 14 26 2 0 10 29 10 5 21 2 19 12 8 28 23 0 21 2 21 6 4 7 12 7 15 10 19 

p58 fitness: 53882 time: 0.036s
solution: 18 19 21 27 2 12 15 27 22 28 4 28 13 1 28 18 1 20 22 0 18 16 5 24 10 18 27 19 29 2 19 19 4 16 27 6 20 8 24 16 18 9 6 4 8 19 13 21 19 14 24 16 24 16 8 6 11 9 18 7 29 0 7 8 13 11 5 14 28 25 18 12 19 9 23 23 20 23 8 16 10 0 9 25 29 13 6 5 27 7 28 6 25 25 2 3 11 6 0 28 28 15 25 18 4 0 4 24 22 3 19 4 27 12 12 8 28 7 17 8 26 11 17 19 26 16 2 11 26 17 28 24 25 20 23 9 3 3 28 10 12 22 11 11 25 5 24 15 27 25 24 17 23 0 8 11 2 15 3 13 13 27 10 24 5 27 5 4 3 21 1 20 19 14 26 2 0 10 29 10 5 21 2 19 12 8 28 23 0 21 2 21 6 4 7 12 7 15 10 19 

p59 fitness: 39121 time: 0.035s
solution: 18 19 21 27 2 12 15 27 22 28 4 28 13 1 28 18 1 20 22 0 18 16 5 24 10 18 27 19 29 2 19 19 4 16 27 6 20 8 24 16 18 9 6 4 8 19 13 21 19 14 24 16 24 16 8 6 11 9 18 7 29 0 7 8 13 11 5 14 28 25 18 12 19 9 23 23 20 23 8 16 10 0 9 25 29 13 6 5 27 7 28 6 25 25 2 3 11 6 0 28 28 15 25 18 4 0 4 24 22 3 19 4 27 12 12 8 28 7 17 8 26 11 17 19 26 16 2 11 26 17 28 24 25 20 23 9 3 3 28 10 12 22 11 11 25 5 24 15 27 25 24 17 23 0 8 11 2 15 3 13 13 27 10 24 5 27 5 4 3 21 1 20 19 14 26 2 0 10 29 10 5 21 2 19 12 8 28 23 0 21 2 21 6 4 7 12 7 15 10 19 

p60 fitness: 23882 time: 0.036s
solution: 18 19 21 27 2 12 15 27 22 28 4 28 13 1 28 18 1 20 22 0 18 16 5 24 10 18 27 19 29 2 19 19 4 16 27 6 20 8 24 16 18 9 6 4 8 19 13 21 19 14 24 16 24 16 8 6 11 9 18 7 29 0 7 8 13 11 5 14 28 25 18 12 19 9 23 23 20 23 8 16 10 0 9 25 29 13 6 5 27 7 28 6 25 25 2 3 11 6 0 28 28 15 25 18 4 0 4 24 22 3 19 4 27 12 12 8 28 7 17 8 26 11 17 19 26 16 2 11 26 17 28 24 25 20 23 9 3 3 28 10 12 22 11 11 25 5 24 15 27 25 24 17 23 0 8 11 2 15 3 13 13 27 10 24 5 27 5 4 3 21 1 20 19 14 26 2 0 10 29 10 5 21 2 19 12 8 28 23 0 21 2 21 6 4 7 12 7 15 10 19 

p61 fitness: 32882 time: 0.034s
solution: 18 19 21 27 2 12 15 27 22 28 4 28 13 1 28 18 1 20 22 0 18 16 5 24 10 18 27 19 29 2 19 19 4 16 27 6 20 8 24 16 18 9 6 4 8 19 13 21 19 14 24 16 24 16 8 6 11 9 18 7 29 0 7 8 13 11 5 14 28 25 18 12 19 9 23 23 20 23 8 16 10 0 9 25 29 13 6 5 27 7 28 6 25 25 2 3 11 6 0 28 28 15 25 18 4 0 4 24 22 3 19 4 27 12 12 8 28 7 17 8 26 11 17 19 26 16 2 11 26 17 28 24 25 20 23 9 3 3 28 10 12 22 11 11 25 5 24 15 27 25 24 17 23 0 8 11 2 15 3 13 13 27 10 24 5 27 5 4 3 21 1 20 19 14 26 2 0 10 29 10 5 21 2 19 12 8 28 23 0 21 2 21 6 4 7 12 7 15 10 19 

p62 fitness: 53882 time: 0.036s
solution: 18 19 21 27 2 12 15 27 22 28 4 28 13 1 28 18 1 20 22 0 18 16 5 24 10 18 27 19 29 2 19 19 4 16 27 6 20 8 24 16 18 9 6 4 8 19 13 21 19 14 24 16 24 16 8 6 11 9 18 7 29 0 7 8 13 11 5 14 28 25 18 12 19 9 23 23 20 23 8 16 10 0 9 25 29 13 6 5 27 7 28 6 25 25 2 3 11 6 0 28 28 15 25 18 4 0 4 24 22 3 19 4 27 12 12 8 28 7 17 8 26 11 17 19 26 16 2 11 26 17 28 24 25 20 23 9 3 3 28 10 12 22 11 11 25 5 24 15 27 25 24 17 23 0 8 11 2 15 3 13 13 27 10 24 5 27 5 4 3 21 1 20 19 14 26 2 0 10 29 10 5 21 2 19 12 8 28 23 0 21 2 21 6 4 7 12 7 15 10 19 

p63 fitness: 39121 time: 0.037s
solution: 18 19 21 27 2 12 15 27 22 28 4 28 13 1 28 18 1 20 22 0 18 16 5 24 10 18 27 19 29 2 19 19 4 16 27 6 20 8 24 16 18 9 6 4 8 19 13 21 19 14 24 16 24 16 8 6 11 9 18 7 29 0 7 8 13 11 5 14 28 25 18 12 19 9 23 23 20 23 8 16 10 0 9 25 29 13 6 5 27 7 28 6 25 25 2 3 11 6 0 28 28 15 25 18 4 0 4 24 22 3 19 4 27 12 12 8 28 7 17 8 26 11 17 19 26 16 2 11 26 17 28 24 25 20 23 9 3 3 28 10 12 22 11 11 25 5 24 15 27 25 24 17 23 0 8 11 2 15 3 13 13 27 10 24 5 27 5 4 3 21 1 20 19 14 26 2 0 10 29 10 5 21 2 19 12 8 28 23 0 21 2 21 6 4 7 12 7 15 10 19 

p64 fitness: 23882 time: 0.036s
solution: 18 19 21 27 2 12 15 27 22 28 4 28 13 1 28 18 1 20 22 0 18 16 5 24 10 18 27 19 29 2 19 19 4 16 27 6 20 8 24 16 18 9 6 4 8 19 13 21 19 14 24 16 24 16 8 6 11 9 18 7 29 0 7 8 13 11 5 14 28 25 18 12 19 9 23 23 20 23 8 16 10 0 9 25 29 13 6 5 27 7 28 6 25 25 2 3 11 6 0 28 28 15 25 18 4 0 4 24 22 3 19 4 27 12 12 8 28 7 17 8 26 11 17 19 26 16 2 11 26 17 28 24 25 20 23 9 3 3 28 10 12 22 11 11 25 5 24 15 27 25 24 17 23 0 8 11 2 15 3 13 13 27 10 24 5 27 5 4 3 21 1 20 19 14 26 2 0 10 29 10 5 21 2 19 12 8 28 23 0 21 2 21 6 4 7 12 7 15 10 19 

p65 fitness: 32882 time: 0.033s
solution: 18 19 21 27 2 12 15 27 22 28 4 28 13 1 28 18 1 20 22 0 18 16 5 24 10 18 27 19 29 2 19 19 4 16 27 6 20 8 24 16 18 9 6 4 8 19 13 21 19 14 24 16 24 16 8 6 11 9 18 7 29 0 7 8 13 11 5 14 28 25 18 12 19 9 23 23 20 23 8 16 10 0 9 25 29 13 6 5 27 7 28 6 25 25 2 3 11 6 0 28 28 15 25 18 4 0 4 24 22 3 19 4 27 12 12 8 28 7 17 8 26 11 17 19 26 16 2 11 26 17 28 24 25 20 23 9 3 3 28 10 12 22 11 11 25 5 24 15 27 25 24 17 23 0 8 11 2 15 3 13 13 27 10 24 5 27 5 4 3 21 1 20 19 14 26 2 0 10 29 10 5 21 2 19 12 8 28 23 0 21 2 21 6 4 7 12 7 15 10 19 

p66 fitness: 53882 time: 0.035s
solution: 18 19 21 27 2 12 15 27 22 28 4 28 13 1 28 18 1 20 22 0 18 16 5 24 10 18 27 19 29 2 19 19 4 16 27 6 20 8 24 16 18 9 6 4 8 19 13 21 19 14 24 16 24 16 8 6 11 9 18 7 29 0 7 8 13 11 5 14 28 25 18 12 19 9 23 23 20 23 8 16 10 0 9 25 29 13 6 5 27 7 28 6 25 25 2 3 11 6 0 28 28 15 25 18 4 0 4 24 22 3 19 4 27 12 12 8 28 7 17 8 26 11 17 19 26 16 2 11 26 17 28 24 25 20 23 9 3 3 28 10 12 22 11 11 25 5 24 15 27 25 24 17 23 0 8 11 2 15 3 13 13 27 10 24 5 27 5 4 3 21 1 20 19 14 26 2 0 10 29 10 5 21 2 19 12 8 28 23 0 21 2 21 6 4 7 12 7 15 10 19 

p67 fitness: 39671 time: 0.036s
solution: 18 19 21 22 2 12 15 27 22 28 4 28 13 1 28 18 1 20 22 0 18 16 5 24 10 18 27 19 29 2 19 19 4 16 27 6 20 8 24 15 18 9 6 26 8 19 13 21 19 14 24 16 24 16 8 6 11 9 18 25 29 0 7 8 13 11 5 14 28 25 7 12 19 9 23 23 20 23 8 16 10 0 9 25 29 13 19 5 27 7 28 6 25 25 2 3 27 6 0 28 28 15 25 18 4 0 4 24 22 3 19 4 27 12 12 8 28 7 17 8 26 11 17 19 26 16 2 11 26 17 28 24 25 20 23 9 3 3 28 10 12 22 11 11 25 5 24 15 27 25 24 17 23 0 8 11 2 15 3 13 13 27 10 24 5 27 5 4 3 21 1 20 19 14 26 2 0 10 29 10 5 21 2 19 12 8 28 23 0 21 2 21 6 4 7 12 7 15 10 19 

p68 fitness: 23882 time: 0.032s
solution: 18 19 21 27 2 12 15 27 22 28 4 28 13 1 28 18 1 20 22 0 18 16 5 24 10 18 27 19 29 2 19 19 4 16 27 6 20 8 24 16 18 9 6 4 8 19 13 21 19 14 24 16 24 16 8 6 11 9 18 7 29 0 7 8 13 11 5 14 28 25 18 12 19 9 23 23 20 23 8 16 10 0 9 25 29 13 6 5 27 7 28 6 25 25 2 3 11 6 0 28 28 15 25 18 4 0 4 24 22 3 19 4 27 12 12 8 28 7 17 8 26 11 17 19 26 16 2 11 26 17 28 24 25 20 23 9 3 3 28 10 12 22 11 11 25 5 24 15 27 25 24 17 23 0 8 11 2 15 3 13 13 27 10 24 5 27 5 4 3 21 1 20 19 14 26 2 0 10 29 10 5 21 2 19 12 8 28 23 0 21 2 21 6 4 7 12 7 15 10 19 

p69 fitness: 32882 time: 0.035s
solution: 18 19 21 27 2 12 15 27 22 28 4 28 13 1 28 18 1 20 22 0 18 16 5 24 10 18 27 19 29 2 19 19 4 16 27 6 20 8 24 16 18 9 6 4 8 19 13 21 19 14 24 16 24 16 8 6 11 9 18 7 29 0 7 8 13 11 5 14 28 25 18 12 19 9 23 23 20 23 8 16 10 0 9 25 29 13 6 5 27 7 28 6 25 25 2 3 11 6 0 28 28 15 25 18 4 0 4 24 22 3 19 4 27 12 12 8 28 7 17 8 26 11 17 19 26 16 2 11 26 17 28 24 25 20 23 9 3 3 28 10 12 22 11 11 25 5 24 15 27 25 24 17 23 0 8 11 2 15 3 13 13 27 10 24 5 27 5 4 3 21 1 20 19 14 26 2 0 10 29 10 5 21 2 19 12 8 28 23 0 21 2 21 6 4 7 12 7 15 10 19 

p70 fitness: 53882 time: 0.035s
solution: 18 19 21 27 2 12 15 27 22 28 4 28 13 1 28 18 1 20 22 0 18 16 5 24 10 18 27 19 29 2 19 19 4 16 27 6 20 8 24 16 18 9 6 4 8 19 13 21 19 14 24 16 24 16 8 6 11 9 18 7 29 0 7 8 13 11 5 14 28 25 18 12 19 9 23 23 20 23 8 16 10 0 9 25 29 13 6 5 27 7 28 6 25 25 2 3 11 6 0 28 28 15 25 18 4 0 4 24 22 3 19 4 27 12 12 8 28 7 17 8 26 11 17 19 26 16 2 11 26 17 28 24 25 20 23 9 3 3 28 10 12 22 11 11 25 5 24 15 27 25 24 17 23 0 8 11 2 15 3 13 13 27 10 24 5 27 5 4 3 21 1 20 19 14 26 2 0 10 29 10 5 21 2 19 12 8 28 23 0 21 2 21 6 4 7 12 7 15 10 19 

p71 fitness: 39121 time: 0.033s
solution: 18 19 21 27 2 12 15 27 22 28 4 28 13 1 28 18 1 20 22 0 18 16 5 24 10 18 27 19 29 2 19 19 4 16 27 6 20 8 24 16 18 9 6 4 8 19 13 21 19 14 24 16 24 16 8 6 11 9 18 7 29 0 7 8 13 11 5 14 28 25 18 12 19 9 23 23 20 23 8 16 10 0 9 25 29 13 6 5 27 7 28 6 25 25 2 3 11 6 0 28 28 15 25 18 4 0 4 24 22 3 19 4 27 12 12 8 28 7 17 8 26 11 17 19 26 16 2 11 26 17 28 24 25 20 23 9 3 3 28 10 12 22 11 11 25 5 24 15 27 25 24 17 23 0 8 11 2 15 3 13 13 27 10 24 5 27 5 4 3 21 1 20 19 14 26 2 0 10 29 10 5 21 2 19 12 8 28 23 0 21 2 21 6 4 7 12 7 15 10 19 

total fitness: 1360753
total time: 1.39s
