p1 fitness: 8934 time: 0.094s
solution: 2 8 1 6 3 8 2 4 4 1 9 8 3 2 8 3 4 0 9 4 3 4 6 4 2 6 1 6 0 1 2 6 0 3 9 4 4 3 0 4 3 8 1 6 4 0 2 0 4 0 

p2 fitness: 7920 time: 0.091s
solution: 8 2 1 6 3 8 2 4 4 1 9 0 3 2 8 3 4 0 9 4 3 4 6 4 2 5 1 5 0 5 2 6 0 3 9 4 4 3 0 4 1 8 1 5 4 0 2 0 4 0 

p3 fitness: 9536 time: 0.09s
solution: 2 8 5 6 3 8 2 4 4 5 4 8 3 2 8 3 2 0 6 4 3 4 6 4 2 5 3 5 0 5 2 6 0 3 4 4 4 3 0 4 5 8 3 5 4 0 2 0 4 0 

p4 fitness: 10967 time: 0.09s
solution: 2 0 5 5 3 8 2 4 4 5 4 8 3 2 8 3 2 0 4 4 3 8 5 4 2 5 3 5 0 5 2 5 0 3 2 4 4 3 0 4 5 8 3 5 4 0 2 0 4 0 

p5 fitness: 9169 time: 0.09s
solution: 8 8 1 6 3 8 2 4 4 1 9 8 3 2 8 3 4 0 9 7 3 8 6 4 2 5 1 5 0 5 2 6 0 3 9 4 4 3 0 4 1 8 1 5 7 0 2 3 7 0 

p6 fitness: 7855 time: 0.089s
solution: 8 8 1 6 3 8 2 4 4 1 9 8 3 2 8 3 4 0 9 7 3 8 6 4 2 5 1 5 0 5 2 6 0 3 9 4 4 3 0 4 1 8 1 5 7 0 2 3 7 0 

p7 fitness: 9488 time: 0.09s
solution: 8 8 1 6 3 8 2 4 4 1 9 8 3 2 8 3 2 0 9 9 3 8 6 4 2 6 1 1 0 1 2 6 0 3 9 4 4 3 0 4 1 8 1 6 4 0 9 3 4 0 

p8 fitness: 11088 time: 0.091s
solution: 8 8 1 6 3 8 2 4 4 1 9 8 3 2 8 3 2 0 9 9 3 8 6 4 2 6 1 1 0 1 2 6 0 3 9 4 4 3 0 4 1 8 1 6 4 0 9 3 4 0 

p9 fitness: 8483 time: 0.09s
solution: 8 8 1 6 1 8 2 4 4 1 9 8 0 2 8 0 4 0 9 4 1 8 6 4 2 6 1 1 0 1 2 6 0 2 9 4 4 0 0 4 1 8 1 6 4 0 2 0 4 0 

p10 fitness: 7617 time: 0.095s
solution: 8 8 1 6 3 8 2 4 4 1 4 8 3 2 8 3 4 0 6 7 3 8 6 4 2 6 1 1 0 1 2 6 0 3 4 4 4 3 0 4 1 8 1 6 7 0 4 0 4 0 

p11 fitness: 8938 time: 0.096s
solution: 8 8 1 6 1 8 2 4 4 1 4 8 0 2 8 0 2 0 6 4 1 8 6 4 2 6 1 1 0 1 2 6 0 2 4 4 4 0 0 4 1 8 1 6 4 0 2 0 4 0 

p12 fitness: 10138 time: 0.102s
solution: 8 8 1 6 1 8 2 4 4 1 4 8 0 2 8 0 2 0 6 4 1 8 6 4 2 6 1 1 0 1 2 6 0 2 4 4 4 0 0 4 1 8 1 6 4 0 2 0 4 0 

p13 fitness: 8265 time: 0.107s
solution: 0 12 10 10 1 12 17 13 12 17 15 19 1 10 13 12 15 10 17 9 12 15 15 19 9 1 0 17 1 17 13 15 13 0 1 10 17 19 19 13 9 0 15 0 9 13 12 10 19 9 

p14 fitness: 7137 time: 0.107s
solution: 16 3 10 10 19 13 17 13 14 17 15 19 19 10 13 3 15 10 17 9 14 15 15 19 9 17 16 17 3 17 13 15 13 16 3 10 3 19 19 13 9 16 15 16 3 13 14 10 19 9 

p15 fitness: 8862 time: 0.104s
solution: 16 3 10 10 19 15 17 13 3 17 15 19 19 10 13 3 15 10 17 9 3 15 15 19 9 17 16 17 3 17 13 15 13 16 3 10 3 19 19 13 9 16 16 16 3 13 15 10 19 9 

p16 fitness: 10462 time: 0.105s
solution: 16 3 10 10 19 15 17 13 3 17 15 19 19 10 13 3 15 10 17 9 3 15 15 19 9 17 16 17 3 17 13 15 13 16 3 10 3 19 19 13 9 16 16 16 3 13 15 10 19 9 

p17 fitness: 8240 time: 0.116s
solution: 0 1 10 10 1 15 17 13 14 17 15 19 1 10 13 14 15 10 17 9 14 15 15 19 9 1 0 17 1 17 13 15 13 0 1 10 17 19 19 13 9 0 15 0 9 13 14 10 19 9 

p18 fitness: 7125 time: 0.106s
solution: 16 3 10 10 19 15 17 13 14 17 15 19 19 10 13 3 15 10 17 9 14 15 15 19 9 17 16 17 3 17 13 15 13 16 3 10 3 19 19 13 9 16 15 16 3 13 14 10 19 9 

p19 fitness: 8908 time: 0.105s
solution: 16 12 10 10 19 15 17 13 12 17 15 19 19 10 13 12 15 10 17 9 12 15 15 19 9 17 16 17 12 17 13 15 13 16 12 10 12 19 19 13 9 16 15 16 9 13 12 10 19 9 

p20 fitness: 10507 time: 0.107s
solution: 16 3 10 10 19 13 17 13 3 17 15 19 19 10 13 3 15 10 17 9 15 15 15 19 9 17 16 17 3 17 13 15 13 16 3 10 3 19 19 13 9 16 15 16 9 13 3 10 19 9 

p21 fitness: 8114 time: 0.109s
solution: 0 1 10 10 1 15 17 13 14 17 15 1 1 10 13 14 15 10 17 9 14 15 15 13 9 17 0 17 1 17 13 15 13 0 1 10 17 1 1 13 10 0 0 0 9 13 14 10 1 9 

p22 fitness: 7092 time: 0.106s
solution: 0 3 10 10 19 15 17 13 14 17 15 19 19 10 13 3 15 10 17 9 14 15 15 19 9 17 0 17 3 17 13 15 13 0 3 10 3 19 19 13 10 0 0 0 3 13 14 10 19 9 

p23 fitness: 8746 time: 0.11s
solution: 0 3 10 10 19 15 17 13 3 17 15 19 19 10 13 3 15 10 17 9 15 15 15 19 9 17 0 17 3 17 13 15 13 0 3 10 3 19 19 13 10 0 0 0 3 13 15 10 19 9 

p24 fitness: 10273 time: 0.111s
solution: 0 3 10 10 19 15 17 13 3 17 15 19 19 10 13 3 15 10 17 3 15 15 15 19 10 17 0 17 3 17 13 15 13 0 3 10 3 19 19 13 10 0 0 0 3 13 15 10 19 3 

p25 fitness: 11637 time: 0.824s
solution: 20 11 20 14 20 5 2 24 14 17 24 20 14 20 0 14 14 17 5 11 2 0 5 0 5 20 2 24 5 24 5 11 20 11 20 20 24 24 0 14 0 14 24 0 24 14 0 20 11 14 5 14 14 5 20 20 17 11 0 14 0 5 20 11 11 11 24 0 24 24 20 20 11 17 24 20 24 20 14 24 20 0 20 17 2 17 2 0 20 5 2 24 17 11 0 24 2 0 11 20 20 17 17 11 2 5 0 11 14 14 14 14 2 11 11 11 24 24 24 24 5 14 11 20 20 0 5 24 0 5 0 11 24 5 14 14 0 5 20 17 0 20 20 14 20 11 11 5 2 5 

p26 fitness: 10926 time: 0.824s
solution: 20 25 20 14 20 5 14 24 14 17 24 8 8 20 2 14 14 17 5 0 2 0 5 2 5 8 2 24 5 24 5 25 20 25 20 20 24 24 0 14 0 14 24 8 24 14 0 20 25 8 5 14 14 5 20 20 17 25 0 14 0 5 20 0 0 25 24 0 24 24 20 20 5 17 24 8 24 20 14 24 20 0 20 17 2 17 17 0 20 5 2 24 17 0 0 24 2 14 25 20 8 17 14 25 2 25 17 0 14 8 14 14 2 0 25 25 24 24 24 24 5 8 25 20 8 0 5 24 0 25 0 0 24 5 8 14 0 5 20 17 0 8 20 14 8 25 25 5 2 5 

p27 fitness: 12707 time: 0.838s
solution: 20 25 20 14 20 5 14 24 14 17 24 8 8 20 2 14 14 17 5 0 14 0 5 2 5 8 2 24 5 24 5 25 20 25 20 20 24 24 0 14 0 14 24 8 24 14 0 20 25 8 5 14 14 5 20 20 17 25 0 14 0 5 20 0 0 25 24 0 5 24 20 20 5 17 24 8 24 20 14 24 20 0 20 17 2 17 2 0 20 5 2 24 17 0 0 24 2 14 25 20 8 17 17 25 2 25 0 0 14 8 14 14 2 0 25 25 24 24 24 24 5 8 25 20 8 0 5 24 0 25 0 0 24 5 8 14 0 5 20 17 0 8 20 14 8 25 25 5 2 5 

p28 fitness: 13807 time: 0.939s
solution: 20 11 20 14 20 5 0 24 14 17 24 20 20 20 0 14 14 17 5 11 14 0 5 0 5 20 17 24 5 24 5 11 14 11 20 20 24 24 11 14 0 14 24 11 24 14 11 20 11 20 5 0 14 5 20 20 17 11 11 14 0 5 20 11 11 11 24 0 24 24 20 20 11 0 24 20 24 20 0 24 20 0 20 17 0 17 17 0 20 5 17 24 17 11 0 24 14 11 11 20 20 0 17 11 0 5 0 11 14 14 14 14 0 11 11 11 24 24 24 24 5 20 11 20 20 11 5 24 11 5 0 11 24 5 14 14 11 5 20 17 0 20 20 14 14 11 11 5 0 5 

p29 fitness: 12552 time: 0.883s
solution: 20 11 6 14 20 5 2 24 14 17 29 8 8 20 2 14 14 17 29 11 2 0 29 17 29 8 2 24 5 5 29 11 6 11 20 20 24 24 0 14 0 14 24 8 24 14 0 20 11 8 29 2 14 5 6 20 17 11 0 14 0 5 20 0 11 11 24 0 29 29 8 6 11 17 24 8 5 20 14 24 20 0 20 17 2 17 17 0 20 5 2 24 17 11 17 5 2 2 29 8 8 17 17 11 2 29 17 11 14 8 14 14 2 11 11 29 24 24 5 24 5 8 11 20 8 0 5 5 0 29 0 0 24 29 8 14 17 5 20 17 0 8 20 14 8 11 11 5 2 5 

p30 fitness: 11429 time: 0.836s
solution: 20 11 13 14 20 5 2 9 8 17 9 8 8 20 2 14 14 17 5 11 2 0 9 17 9 8 2 24 5 24 5 11 13 11 20 20 24 24 0 14 0 8 24 8 24 14 2 13 11 8 5 14 14 5 13 20 17 0 0 14 0 5 20 0 11 11 9 0 9 9 20 20 11 17 24 8 9 20 14 9 20 0 13 17 2 17 2 17 20 5 2 24 17 0 17 9 2 2 11 13 8 17 17 11 2 5 17 11 14 8 14 14 2 11 11 0 24 24 24 24 5 8 11 13 8 0 5 9 0 0 0 0 24 5 8 14 17 5 20 17 0 8 20 14 8 11 11 5 2 5 

p31 fitness: 13570 time: 0.823s
solution: 8 11 8 2 8 5 2 5 2 17 27 8 8 20 0 14 14 17 5 11 2 0 27 17 27 8 2 24 5 11 5 11 8 27 20 20 24 24 11 14 0 14 24 17 24 14 0 20 27 8 27 2 14 5 20 20 17 27 0 14 0 5 20 11 11 11 24 0 24 27 8 20 11 17 24 8 5 20 2 24 20 0 8 17 17 17 17 0 20 5 2 24 17 0 17 24 2 0 27 2 14 17 17 11 2 11 0 11 14 14 14 14 2 11 11 27 24 24 5 24 5 14 11 20 8 17 5 27 0 27 0 27 24 27 8 14 0 5 20 17 0 8 20 14 8 27 11 5 2 5 

p32 fitness: 15805 time: 0.823s
solution: 20 11 13 2 20 5 2 9 14 17 9 8 8 20 17 14 14 17 5 11 2 0 9 2 9 8 2 24 5 9 5 11 13 11 20 20 24 24 0 14 0 14 24 8 24 14 0 13 11 8 5 14 14 5 13 20 17 0 0 14 0 5 20 0 11 11 9 0 9 9 20 20 11 17 24 8 9 20 14 24 20 0 13 17 2 17 2 17 20 5 2 24 17 0 17 9 2 2 11 13 8 17 17 11 2 5 17 11 14 8 14 2 2 11 11 0 24 24 24 24 5 8 11 13 8 0 5 9 0 5 0 0 24 9 8 14 17 5 20 17 0 8 20 14 8 11 11 5 2 5 

p33 fitness: 11645 time: 0.84s
solution: 20 11 20 14 20 5 14 24 8 17 24 8 8 20 0 14 14 17 5 11 14 0 5 17 5 8 17 24 5 24 5 11 8 11 20 20 24 24 0 14 0 14 24 8 24 14 0 20 11 8 5 14 14 5 20 20 17 11 0 14 0 5 20 11 11 11 24 0 5 24 8 20 11 17 24 8 24 20 14 24 20 0 20 17 17 17 17 0 20 5 17 24 17 11 17 5 14 0 11 20 8 17 17 11 17 5 17 11 14 8 14 14 17 11 11 11 24 24 24 24 5 8 11 20 8 0 5 5 0 11 0 11 24 5 8 14 0 5 20 17 0 8 20 14 8 11 11 5 17 5 

p34 fitness: 10632 time: 0.824s
solution: 20 11 20 14 20 5 17 24 14 17 5 8 8 20 0 14 14 17 5 11 14 0 5 17 5 8 17 24 5 24 5 11 8 11 20 20 24 24 0 14 0 14 24 8 24 14 0 20 11 8 5 14 14 5 20 20 17 11 0 14 0 5 20 11 11 11 24 0 5 5 8 20 11 17 24 8 24 20 14 24 20 0 20 17 17 17 17 0 20 5 17 24 17 11 0 5 14 14 11 20 8 17 17 11 17 5 17 11 14 8 14 14 17 11 11 11 24 24 24 24 5 8 11 20 8 0 5 24 0 11 0 11 24 5 8 14 0 5 20 17 0 8 20 14 8 11 11 5 17 5 

p35 fitness: 12357 time: 0.858s
solution: 20 25 20 14 20 5 14 24 8 17 5 8 8 20 0 14 14 17 5 0 14 0 5 17 5 8 17 24 5 24 5 25 8 25 20 20 24 24 0 14 0 14 24 8 24 14 0 20 25 8 5 14 14 5 20 20 17 25 0 14 0 5 20 0 0 25 24 0 24 5 8 20 5 17 24 8 24 20 14 24 20 0 20 17 17 17 17 0 20 5 17 24 17 0 17 5 14 8 25 20 8 17 17 25 17 25 17 0 14 8 14 14 17 0 25 25 24 24 24 24 5 8 25 20 8 0 5 24 0 25 0 25 24 5 8 14 0 5 20 17 0 8 20 14 8 25 25 5 17 5 

p36 fitness: 13832 time: 0.827s
solution: 20 11 20 14 20 5 17 24 14 17 5 8 8 20 0 14 14 17 5 11 14 0 5 17 5 8 17 24 5 24 5 11 8 11 20 20 24 24 0 14 0 14 24 8 24 14 0 20 11 8 5 14 14 5 20 20 17 11 0 14 0 5 20 11 11 11 24 0 5 5 8 20 11 17 24 8 24 20 14 24 20 0 20 17 17 17 17 0 20 5 17 24 17 11 0 5 14 14 11 20 8 17 17 11 17 5 17 11 14 8 14 14 17 11 11 11 24 24 24 24 5 8 11 20 8 0 5 24 0 11 0 11 24 5 8 14 0 5 20 17 0 8 20 14 8 11 11 5 17 5 

p37 fitness: 11259 time: 0.817s
solution: 20 11 20 14 20 5 17 24 14 17 24 20 20 20 17 14 14 17 5 11 14 11 5 17 5 20 17 24 5 24 5 11 20 11 20 20 24 24 11 14 17 14 24 14 24 14 11 20 11 14 5 14 14 5 20 20 17 11 11 14 17 5 20 11 11 11 24 17 5 24 20 20 11 17 24 20 24 20 14 24 20 17 20 17 17 17 17 17 20 5 17 24 17 11 17 5 14 14 11 20 20 17 17 11 17 5 17 11 14 14 14 14 17 11 11 11 24 24 24 24 5 14 11 20 20 11 5 24 11 5 17 11 24 5 14 14 17 5 20 17 17 20 20 14 20 11 11 5 17 5 

p38 fitness: 10551 time: 0.808s
solution: 20 11 20 14 20 5 17 24 14 17 24 20 20 20 17 14 14 17 5 11 14 0 5 17 5 20 17 24 5 24 5 11 20 11 20 20 24 24 0 14 0 14 24 14 24 14 0 20 11 14 5 14 14 5 20 20 17 11 11 14 0 5 20 11 11 11 24 0 5 24 20 20 11 17 24 20 24 20 14 24 20 0 20 17 17 17 17 0 20 5 17 24 17 11 17 5 14 17 11 20 20 17 17 11 17 5 17 11 14 14 14 14 17 11 11 11 24 24 24 24 5 14 11 20 20 0 5 24 0 5 0 11 24 5 14 14 17 5 20 17 0 20 20 14 20 11 11 5 17 5 

p39 fitness: 11859 time: 0.845s
solution: 20 11 20 14 20 5 14 24 14 17 24 20 20 20 17 14 14 17 5 11 14 17 5 17 5 20 17 24 5 24 5 11 20 11 20 20 24 24 11 14 17 14 24 14 24 14 11 20 11 14 5 14 14 5 20 20 17 11 11 14 17 5 20 11 11 11 24 17 24 24 20 20 11 17 24 20 24 20 14 24 20 17 20 17 17 17 17 17 20 5 17 24 17 11 17 5 14 14 11 20 20 17 17 11 17 5 17 11 14 14 14 14 17 11 11 11 24 24 24 24 5 14 11 20 20 17 5 24 11 5 17 11 24 5 14 14 17 5 20 17 17 20 20 14 20 11 11 5 17 5 

p40 fitness: 13059 time: 0.853s
solution: 20 11 20 14 20 5 14 24 14 17 24 20 20 20 17 14 14 17 5 11 14 17 5 17 5 20 17 24 5 24 5 11 20 11 20 20 24 24 11 14 17 14 24 14 24 14 11 20 11 14 5 14 14 5 20 20 17 11 11 14 17 5 20 11 11 11 24 17 24 24 20 20 11 17 24 20 24 20 14 24 20 17 20 17 17 17 17 17 20 5 17 24 17 11 17 5 14 14 11 20 20 17 17 11 17 5 17 11 14 14 14 14 17 11 11 11 24 24 24 24 5 14 11 20 20 17 5 24 11 5 17 11 24 5 14 14 17 5 20 17 17 20 20 14 20 11 11 5 17 5 

p41 fitness: 6683 time: 0.275s
solution: 0 6 4 6 7 7 7 7 8 8 4 6 2 6 2 7 7 8 0 6 6 6 4 4 6 4 4 4 0 7 8 0 0 0 7 2 2 6 6 2 2 7 7 7 7 4 0 7 6 4 4 6 6 6 2 7 2 8 8 8 0 0 6 8 0 6 6 6 4 4 0 4 4 0 7 7 2 2 6 7 7 2 2 7 7 7 2 2 7 2 

p42 fitness: 5914 time: 0.252s
solution: 3 10 3 9 19 19 16 3 16 16 3 19 19 10 19 19 16 3 10 10 9 9 9 10 16 3 3 16 16 3 16 19 19 10 10 10 10 19 16 16 16 3 3 16 9 9 10 19 19 19 16 16 16 3 3 9 16 10 10 10 3 3 3 3 3 3 16 19 19 19 10 19 19 19 19 19 19 19 19 19 

p43 fitness: 5265 time: 0.224s
solution: 18 22 18 23 23 22 9 18 29 29 23 23 23 9 18 18 22 18 18 18 9 9 22 22 22 23 29 18 29 29 29 23 23 23 22 22 23 18 18 18 18 18 29 23 29 9 9 22 22 18 22 9 9 18 18 18 22 22 23 29 29 29 23 29 29 29 29 29 29 29 

p44 fitness: 7128 time: 0.263s
solution: 4 4 4 4 4 4 4 4 0 0 6 0 0 0 0 0 1 8 1 7 1 1 1 2 2 2 2 2 2 2 2 3 3 3 3 3 3 3 3 3 4 0 1 1 2 8 7 5 9 7 7 6 5 5 8 8 7 7 9 5 5 5 9 3 0 6 6 8 1 0 4 7 9 7 7 8 6 6 5 8 7 9 9 9 9 9 6 5 7 5 

p45 fitness: 6251 time: 0.252s
solution: 0 0 0 0 0 0 0 6 6 6 6 6 6 6 6 3 3 3 3 3 3 4 4 4 4 4 4 4 4 5 5 5 5 5 5 5 5 5 0 0 3 3 4 3 6 17 0 3 6 5 17 17 17 17 17 5 5 6 3 3 3 3 6 17 6 3 17 17 3 6 0 3 17 17 17 17 17 17 6 3 

p46 fitness: 5770 time: 0.278s
solution: 0 0 0 0 0 0 0 15 1 1 1 1 1 15 1 3 3 3 3 3 3 5 5 5 5 5 5 9 9 9 9 13 9 9 0 3 3 5 3 28 28 3 15 28 3 3 28 13 13 28 0 13 13 1 3 13 13 28 3 3 15 15 28 28 13 13 13 13 15 15 

p47 fitness: 6319 time: 0.317s
solution: 0 0 0 0 0 0 2 0 0 0 1 2 1 1 1 2 1 2 2 2 2 2 2 2 2 2 2 3 3 3 3 3 3 3 3 4 4 4 4 4 4 4 4 4 4 4 4 5 5 5 5 5 5 5 6 6 6 6 6 6 6 6 7 7 6 7 6 0 7 7 7 7 7 8 8 8 8 8 6 8 6 0 9 2 9 9 9 0 9 9 

p48 fitness: 5598 time: 0.242s
solution: 0 0 0 0 0 0 0 0 0 2 2 2 2 2 2 5 5 5 5 5 5 5 5 5 6 6 6 6 6 6 6 9 13 9 9 9 9 9 9 9 9 9 10 10 10 10 10 10 13 13 13 13 13 13 13 14 14 13 14 13 0 14 14 14 14 17 17 17 17 17 17 17 17 19 19 19 19 19 19 19 

p49 fitness: 5458 time: 0.235s
solution: 26 1 1 1 1 1 1 1 5 5 5 5 5 7 7 7 7 7 7 7 7 7 9 9 9 9 9 13 13 13 13 13 13 13 13 13 13 13 13 13 13 13 20 20 20 20 20 20 21 20 21 20 1 21 21 21 21 26 26 26 26 26 26 26 27 27 27 27 27 27 

p50 fitness: 8774 time: 0.328s
solution: 3 6 3 0 5 9 5 5 3 7 7 3 6 9 9 9 9 7 5 3 6 0 0 0 0 6 7 3 3 7 7 7 3 3 3 5 9 9 0 6 0 9 9 9 5 5 5 5 5 3 3 5 6 0 0 0 6 6 6 5 9 7 7 7 3 3 0 3 7 7 3 6 6 0 0 3 3 3 3 3 3 5 5 5 6 5 6 7 1 7 9 1 1 6 1 1 1 1 1 1 

p51 fitness: 7477 time: 0.368s
solution: 15 10 19 10 18 13 5 5 15 15 5 19 18 13 13 13 13 5 5 15 10 10 10 19 10 10 15 19 19 15 15 15 19 19 15 5 13 13 10 10 10 13 13 13 5 5 5 5 5 15 15 5 10 10 10 10 13 10 18 13 13 5 5 5 15 15 10 19 15 15 15 10 10 10 10 19 19 19 19 19 19 5 5 13 13 13 18 5 18 15 13 13 18 18 18 18 13 18 13 13 

p52 fitness: 9180 time: 0.319s
solution: 7 7 7 7 7 7 7 7 3 4 4 4 3 4 4 4 4 8 8 8 8 3 3 8 3 9 9 9 9 9 9 9 9 5 6 6 6 6 6 6 6 6 6 6 7 7 4 8 8 5 5 3 4 6 7 5 3 3 3 4 6 5 5 3 3 3 5 7 4 7 6 6 4 3 3 5 3 4 7 6 6 4 3 5 5 3 3 7 5 4 5 5 6 5 5 6 3 4 3 7 

p53 fitness: 8533 time: 0.355s
solution: 5 5 5 5 5 5 5 5 7 7 7 7 7 7 7 7 7 12 3 12 12 3 12 12 3 9 9 9 9 9 9 9 9 15 18 18 18 18 18 18 18 18 18 18 5 5 7 12 12 15 15 3 7 18 5 15 3 3 3 7 18 15 15 15 3 3 15 18 7 5 18 18 7 3 3 15 3 7 7 15 18 7 3 15 15 3 3 5 15 3 15 15 18 18 15 18 3 7 3 5 

p54 fitness: 9063 time: 0.316s
solution: 9 2 2 2 2 2 2 2 2 2 2 2 2 2 2 2 2 2 2 3 3 3 2 3 5 2 3 3 3 3 3 3 3 3 3 3 3 3 3 6 6 6 6 6 6 5 3 3 3 3 3 3 6 6 6 6 6 6 6 6 6 5 5 6 5 5 5 6 5 0 0 0 0 5 4 0 0 0 0 0 0 0 4 4 4 4 4 4 4 4 4 4 4 9 9 9 9 4 9 9 

p55 fitness: 7703 time: 0.359s
solution: 18 18 18 18 18 18 18 2 2 2 2 2 2 2 2 2 2 2 2 6 2 6 2 6 2 2 6 2 6 6 6 6 6 6 6 6 6 6 6 7 7 7 7 7 7 7 7 7 6 7 7 6 7 7 7 7 7 7 7 7 7 7 13 7 15 7 7 7 7 13 13 7 13 13 18 13 13 13 13 13 13 15 15 15 15 15 15 15 15 15 15 18 18 18 18 18 18 18 18 18 

p56 fitness: 21325 time: 1.432s
solution: 18 19 21 27 2 12 21 27 18 28 4 28 8 3 28 18 3 10 27 0 18 21 5 24 10 18 27 19 4 2 19 19 4 21 27 6 8 8 24 21 18 9 6 4 8 19 3 21 19 9 24 24 24 21 8 6 25 9 18 25 4 0 18 8 3 25 5 19 28 25 18 12 6 9 5 5 8 5 8 24 10 0 9 25 4 3 6 5 27 18 28 6 25 25 2 3 28 6 0 28 28 21 12 18 4 0 4 24 27 3 19 4 27 12 12 8 28 25 0 8 9 25 28 19 9 24 2 12 19 0 28 24 12 10 5 9 3 3 28 10 12 27 12 25 25 5 24 21 27 25 24 0 10 0 8 28 2 21 3 3 3 27 10 24 5 27 5 4 3 21 5 8 19 10 4 2 0 10 4 10 5 21 2 19 12 8 28 10 0 21 2 21 6 4 25 12 25 21 10 19 

p57 fitness: 26822 time: 1.419s
solution: 7 6 21 27 21 12 21 27 27 28 4 28 20 3 28 7 3 20 16 0 27 16 5 24 10 27 27 14 4 21 6 6 4 16 27 6 20 9 24 16 7 9 6 4 20 14 3 21 14 14 24 16 24 16 20 6 25 9 27 25 4 0 7 20 3 25 5 14 28 25 7 12 6 9 5 10 20 5 20 16 10 0 9 25 4 10 6 5 27 7 28 6 25 25 0 3 28 6 0 28 28 16 25 7 4 0 4 24 16 3 14 4 27 12 12 20 28 7 14 20 9 25 28 6 9 16 21 12 14 0 28 24 25 20 5 9 3 3 28 10 12 27 12 25 25 5 24 16 27 25 24 0 10 0 20 28 5 16 3 3 3 24 10 24 5 27 5 4 3 21 5 20 14 14 4 0 0 10 4 10 5 21 21 6 12 9 28 10 0 21 21 21 6 4 7 12 7 21 10 6 

p58 fitness: 38146 time: 1.412s
solution: 18 19 21 24 21 12 21 28 18 28 4 28 10 3 28 18 3 8 16 24 18 16 5 24 10 18 24 19 4 5 19 19 4 16 28 12 8 8 24 16 18 9 12 4 8 19 3 21 19 9 24 16 16 16 8 12 11 9 18 7 4 17 7 8 3 11 5 17 28 11 7 12 19 9 5 10 8 5 8 16 10 17 9 7 4 3 19 5 24 7 28 19 7 11 17 3 11 12 17 28 28 16 11 7 4 24 4 24 16 3 19 4 18 12 11 8 28 7 17 8 9 11 17 19 9 16 21 11 9 17 28 24 11 8 3 9 3 3 28 10 12 18 11 11 7 5 24 16 18 7 24 17 5 17 8 11 5 16 3 3 3 28 10 24 5 18 5 4 3 21 5 8 19 10 4 21 17 10 4 10 5 21 21 19 12 8 28 10 17 21 21 21 12 4 7 12 7 21 10 19 

p59 fitness: 27811 time: 1.392s
solution: 18 19 2 24 2 12 16 27 18 28 4 28 10 13 28 18 13 10 16 24 18 16 23 24 10 18 27 19 4 2 19 19 4 16 27 6 20 20 24 16 18 20 6 4 13 19 13 24 19 17 24 16 24 16 20 6 25 20 18 25 4 17 18 20 13 12 23 17 28 25 18 12 6 20 23 23 10 23 20 16 10 2 20 25 4 13 6 2 27 25 28 6 25 25 2 13 28 6 17 28 28 16 12 18 4 24 4 24 18 13 19 4 27 12 12 20 28 25 17 20 19 25 17 19 20 16 2 12 19 17 28 24 12 10 23 20 13 13 28 10 12 27 28 25 25 2 24 16 27 25 27 17 23 17 13 28 2 16 13 13 13 27 10 24 23 27 23 4 13 2 23 20 19 17 4 2 27 10 4 10 2 16 16 6 12 20 28 23 17 2 2 24 6 4 25 12 18 2 10 19 

p60 fitness: 20784 time: 1.377s
solution: 7 19 21 27 21 12 21 27 22 28 4 28 10 3 28 7 3 20 22 0 27 21 5 24 10 27 27 19 4 21 19 19 4 21 27 12 20 9 24 21 7 9 12 4 20 19 3 21 19 20 24 24 24 21 20 12 25 9 22 7 4 0 7 20 3 25 5 19 28 25 7 12 19 9 5 10 20 5 20 24 10 0 9 25 4 10 19 5 27 7 28 19 25 25 0 3 28 12 0 28 28 21 25 7 4 0 4 24 22 3 19 4 27 12 12 20 28 7 0 20 9 25 28 19 9 21 21 12 19 0 28 24 25 20 5 9 3 3 28 10 12 22 12 25 25 5 24 21 27 25 24 0 10 0 20 28 5 21 3 3 3 27 10 24 5 27 5 4 3 21 5 20 19 10 4 21 0 10 4 10 5 21 24 19 12 9 28 10 0 21 21 21 19 4 7 12 7 21 10 19 

p61 fitness: 25129 time: 1.41s
solution: 18 19 21 27 2 12 21 27 18 28 4 28 10 3 28 18 3 10 27 27 18 21 23 24 10 18 27 19 4 2 19 19 4 21 27 12 8 8 24 21 18 8 12 4 8 19 3 21 19 10 24 24 24 21 8 12 25 8 18 25 4 2 18 8 3 25 23 19 28 25 18 12 19 8 23 23 10 23 8 24 10 2 8 25 4 10 19 2 27 25 28 19 25 25 2 3 28 12 2 28 28 21 25 18 4 24 4 24 27 3 19 4 27 12 12 8 28 25 28 8 8 25 28 19 4 21 2 12 19 28 28 24 25 10 23 8 3 3 28 10 12 27 12 25 25 2 24 21 27 25 24 28 23 28 8 28 2 21 3 3 3 27 10 24 23 27 23 4 3 21 23 8 19 10 4 2 24 10 4 10 2 21 2 19 12 8 28 23 27 21 2 21 19 4 25 12 25 21 10 19 

p62 fitness: 33438 time: 1.56s
solution: 7 6 21 27 2 12 21 27 27 28 4 28 3 3 28 7 3 8 27 27 7 21 23 21 23 27 27 28 4 2 6 4 4 21 27 6 8 8 21 21 7 8 6 4 8 4 3 21 6 6 27 21 2 21 8 6 7 8 7 7 4 2 7 8 3 12 23 28 6 12 7 12 6 8 23 23 8 23 8 21 23 2 8 7 4 3 6 2 27 7 28 6 7 7 2 3 28 6 2 28 28 21 12 7 4 2 4 27 27 3 6 4 27 12 12 8 28 7 28 8 4 12 28 6 4 21 2 12 4 28 28 21 12 8 23 8 3 3 28 23 12 27 12 12 7 2 21 21 27 7 27 28 23 28 8 28 2 21 3 3 3 27 23 2 23 27 23 4 3 21 23 8 6 8 4 2 27 8 4 23 2 21 2 6 12 8 28 23 28 21 2 21 6 4 7 12 7 21 23 6 

p63 fitness: 25123 time: 1.491s
solution: 18 6 2 24 2 6 2 28 18 28 4 28 13 13 28 18 13 20 16 24 18 16 23 24 23 18 24 28 4 2 6 4 4 16 28 6 20 20 24 16 18 20 6 4 13 4 13 2 6 20 24 16 24 16 20 6 25 20 18 25 4 2 25 20 13 25 23 17 28 25 18 6 6 20 23 23 20 23 20 16 23 17 20 25 4 13 4 2 24 25 28 6 25 25 2 13 28 6 17 28 28 16 25 18 4 24 4 24 16 13 6 4 18 6 6 20 28 25 17 20 20 25 17 6 4 16 2 28 4 17 28 24 25 20 23 20 13 13 28 17 6 18 28 25 25 2 24 16 18 25 24 17 23 17 13 28 2 16 13 13 13 24 23 24 23 24 23 4 13 2 23 20 28 20 4 2 24 23 4 23 2 16 2 6 25 20 28 23 17 2 2 2 6 4 25 6 25 2 23 6 

p64 fitness: 20831 time: 1.399s
solution: 7 19 21 27 2 12 21 27 22 28 4 28 20 3 28 7 3 20 22 0 27 21 23 24 23 27 27 19 4 2 19 19 4 21 27 12 20 9 24 21 7 9 12 4 20 19 3 21 19 20 24 24 24 21 20 12 25 9 22 7 4 0 7 20 3 25 23 19 28 25 7 12 19 9 23 23 20 23 20 24 23 0 9 25 4 20 19 2 27 7 28 19 25 25 2 3 28 12 0 28 28 21 25 7 4 0 4 24 22 3 19 4 27 12 12 20 28 7 0 20 9 25 28 19 9 21 2 12 19 0 28 24 25 20 23 9 3 3 28 20 12 22 12 25 25 2 24 21 27 25 24 0 23 0 20 28 2 21 3 3 3 27 23 24 23 27 23 4 3 21 23 20 19 20 4 2 0 20 4 20 2 21 2 19 12 9 28 23 0 21 2 21 19 4 7 12 7 21 23 19 

p65 fitness: 24524 time: 1.427s
solution: 7 19 21 27 21 12 21 27 27 28 4 28 10 3 28 7 3 10 27 0 27 21 5 0 10 27 27 19 4 21 19 19 4 21 27 12 8 8 27 21 7 8 12 4 8 19 3 21 19 10 0 21 21 21 8 12 7 8 27 7 4 0 7 8 3 12 5 19 28 12 7 12 19 8 5 10 10 5 8 21 10 0 8 7 4 10 19 5 27 7 28 19 7 7 0 3 28 12 0 28 28 21 12 7 4 0 4 27 27 3 19 4 27 12 12 8 28 7 0 8 8 12 28 19 4 21 21 12 19 0 28 21 12 10 5 8 3 3 28 10 12 27 12 12 7 5 27 21 27 7 27 0 10 0 8 28 5 21 3 3 3 27 10 0 5 27 5 4 3 21 5 8 19 10 4 21 0 10 4 10 5 21 21 19 12 8 28 10 0 21 21 21 19 4 7 12 7 21 10 19 

p66 fitness: 31832 time: 1.436s
solution: 27 28 21 27 21 25 21 27 27 28 4 28 10 10 28 27 8 10 27 0 27 21 0 0 10 27 27 28 4 21 4 4 4 21 27 4 8 8 27 21 25 8 28 4 8 4 8 21 28 10 0 21 21 21 8 4 25 8 27 25 4 0 25 8 8 25 0 28 28 25 27 25 4 8 10 10 10 10 8 21 10 0 8 25 4 10 4 0 27 25 28 4 25 25 0 8 28 28 0 28 28 21 25 25 4 0 4 27 27 8 4 4 27 28 28 8 28 25 0 8 8 25 28 4 4 21 21 28 4 0 28 21 25 10 10 8 8 8 28 10 25 27 28 25 25 0 27 21 27 25 27 0 10 0 8 28 21 21 8 8 10 27 10 0 0 27 0 4 8 21 10 8 28 10 4 21 0 10 4 10 21 21 21 28 25 8 28 10 0 21 21 21 4 4 25 25 25 21 10 28 

p67 fitness: 25387 time: 1.477s
solution: 18 6 21 24 21 6 21 28 24 28 4 28 13 13 28 18 13 20 18 0 18 24 23 24 23 18 24 28 4 21 6 6 4 21 28 6 20 20 24 21 18 20 6 4 13 4 13 21 28 20 24 24 24 21 20 6 18 20 18 25 4 0 18 20 13 25 23 28 28 25 18 25 6 20 23 23 20 23 20 24 23 0 4 25 4 13 6 0 24 25 28 6 25 25 0 13 28 6 0 28 28 21 25 18 4 0 4 24 18 13 6 4 18 6 6 20 28 25 0 20 20 25 28 6 4 21 21 25 4 0 28 24 25 20 23 20 13 13 28 23 6 18 28 25 25 23 24 21 18 25 24 0 23 0 13 28 21 21 13 13 13 24 13 24 23 18 23 4 13 21 23 20 28 20 4 0 0 20 4 23 23 21 24 28 25 20 28 23 0 21 21 21 6 4 25 6 25 21 23 6 

p68 fitness: 20588 time: 1.464s
solution: 18 19 21 27 21 12 21 27 18 28 4 28 10 3 28 18 3 10 27 0 18 21 5 24 10 18 27 19 4 21 19 19 4 21 27 12 8 8 24 21 18 8 12 4 8 19 3 21 19 10 24 24 24 21 8 12 25 8 18 25 4 0 18 8 3 25 5 19 28 25 18 12 19 8 5 10 10 5 8 24 10 0 8 25 4 10 19 5 27 25 28 19 25 25 0 3 28 12 0 28 28 21 25 18 4 0 4 24 27 3 19 4 27 12 12 8 28 25 0 8 8 25 28 19 4 21 21 12 19 0 28 24 25 10 5 8 3 3 28 10 12 27 12 25 25 5 24 21 27 25 24 0 5 0 8 28 5 21 3 3 3 27 10 24 5 27 5 4 3 21 5 8 19 10 4 21 0 10 4 10 5 21 21 19 12 8 28 10 0 21 21 21 19 4 25 12 25 21 10 19 

p69 fitness: 24545 time: 1.435s
solution: 7 19 21 27 21 12 21 27 27 28 4 28 10 3 28 7 3 10 27 0 27 21 5 0 10 27 27 19 4 21 19 19 4 21 27 12 8 8 27 21 7 8 12 4 8 19 3 21 19 10 0 21 21 21 8 12 7 8 27 7 4 0 7 8 3 12 5 19 28 12 7 12 19 8 5 10 8 5 8 21 10 0 8 7 4 10 19 5 27 7 28 19 7 7 0 3 28 12 0 28 28 21 12 7 4 0 4 27 27 3 19 4 27 12 12 8 28 7 0 8 8 12 28 19 4 21 21 12 19 0 28 21 12 10 5 8 3 3 28 10 12 27 12 12 7 5 27 21 27 7 27 0 10 0 8 28 5 21 3 3 3 27 10 0 5 27 5 4 3 21 5 8 19 10 4 21 0 10 4 10 5 21 21 19 12 8 28 10 0 21 21 21 19 4 7 12 7 21 10 19 

p70 fitness: 33385 time: 1.449s
solution: 7 6 21 27 21 12 21 27 27 28 4 28 13 13 28 7 13 10 27 0 27 21 21 0 10 27 27 28 4 21 6 6 4 21 27 6 8 8 27 21 7 8 6 4 8 6 13 21 6 10 0 21 21 21 8 6 7 8 27 7 4 0 7 8 13 12 0 10 28 12 7 12 6 8 10 13 8 10 8 21 10 0 8 7 4 13 6 0 27 7 28 6 7 7 0 13 27 12 0 28 28 21 12 7 4 0 4 27 27 13 6 4 27 12 12 8 28 7 0 8 8 12 0 6 4 21 21 12 8 0 28 21 12 10 13 8 13 8 28 10 12 27 12 12 7 0 27 21 27 7 27 0 10 0 8 28 21 21 13 13 13 27 10 0 10 27 13 4 13 21 13 8 28 10 4 0 0 10 4 10 21 21 21 6 12 8 28 10 0 21 0 21 6 4 7 12 7 21 10 6 

p71 fitness: 25595 time: 1.449s
solution: 18 19 2 24 2 6 16 28 18 28 4 28 13 13 28 18 13 20 16 24 18 16 23 24 23 18 24 19 4 2 19 19 4 16 28 6 20 20 24 16 18 20 6 4 20 19 13 2 19 20 24 16 2 16 20 6 25 20 18 25 4 2 18 20 13 25 23 17 19 25 18 6 19 20 23 23 20 23 20 16 23 17 20 25 4 13 6 2 24 25 28 6 25 25 2 13 28 6 17 28 17 16 25 18 4 24 4 24 16 13 19 4 18 6 6 20 28 25 17 20 19 25 17 19 4 16 2 28 19 17 28 24 25 20 23 20 13 13 28 17 6 18 6 25 25 2 24 16 18 25 24 17 23 17 13 28 2 16 13 13 13 17 13 24 23 24 23 4 13 2 13 20 19 17 4 2 24 20 4 20 2 16 2 19 25 20 28 23 17 2 2 16 6 4 25 6 18 2 23 19 

total fitness: 941872
total time: 43.385s
